# Beat positions in seconds
32.651
33.141
33.621
34.091
34.571
35.051
35.541
36.021
36.491
36.971
37.461
37.931
38.411
38.901
39.381
39.851
40.331
40.821
41.301
41.771
42.251
42.731
43.221
43.701
44.181
44.661
45.141
45.621
46.101
46.581
47.061
47.541
48.021
48.501
48.981
49.461
49.941
50.421
50.901
51.381
51.861
52.341
52.821
53.301
53.781
54.261
54.741
55.221
55.701
56.181
56.661
57.141
57.621
58.101
58.581
59.061
59.541
60.021
60.501
60.981
61.461
61.941
62.421
62.901
63.381
63.861
64.341
64.821
65.301
65.781
66.261
66.741
67.221
67.701
68.181
68.661
69.141
69.621
70.101
70.581
71.061
71.541
72.021
72.501
72.981
73.461
73.941
74.421
74.912
75.392
75.872
76.363
76.843
77.323
77.803
78.283
78.741
79.221
79.712
80.181
80.661
81.141
81.621
82.101
82.581
83.061
83.541
84.021
84.501
84.981
85.461
85.941
86.421
86.901
87.381
87.861
88.341
88.821
89.301
89.781
90.261
90.741
91.232
91.701
92.181
92.661
93.141
93.621
94.101
94.581
95.061
95.541
96.021
96.501
96.981
97.461
97.931
98.421
98.901
99.381
99.861
100.341
100.821
101.301
101.771
102.261
102.741
103.221
103.701
104.181
104.661
105.141
105.621
106.101
106.581
107.061
107.541
108.021
108.501
108.971
109.461
109.941
110.421
110.901
111.381
111.861
112.341
112.821
113.301
113.781
114.261
114.741
115.221
115.701
116.181
116.661
117.141
117.621
118.101
118.581
119.061
119.541
120.021
120.501
120.981
121.461
121.941
122.421
122.901
123.381
123.861
124.331
124.811
125.301
125.781
126.251
126.741
127.211
127.701
128.171
128.651
129.131
129.621
130.091
130.581
131.061
131.541
132.011
132.501
132.981
133.461
133.931
134.421
134.901
135.381
135.861
136.341
136.811
137.301
137.771
138.261
138.731
139.221
139.701
140.181
140.661
141.141
141.621
142.101
142.571
143.061
143.531
144.021
144.491
144.981
145.461
145.941
146.421
146.901
147.381
147.861
148.341
148.821
149.301
149.781
150.261
150.741
151.221
151.701
152.181
152.661
153.141
153.621
154.101
154.581
155.061
155.552
156.043
156.533
157.024
157.515
158.005
158.496
158.987
159.467
159.947
160.427
160.907
161.387
161.867
162.336
162.805
163.285
163.765
164.245
164.725
165.205
165.685
166.155
166.624
167.104
167.584
168.064
168.544
169.024
169.504
169.984
170.464
170.901
171.381
171.861
172.341
172.821
173.301
173.781
174.261
174.752
175.221
175.701
176.181
176.661
177.141
177.621
178.101
178.581
179.061
179.541
180.021
180.501
180.981
181.461
181.941
182.443
182.923
183.403
183.893
184.363
184.853
185.312
185.781
186.261
186.741
187.221
187.701
188.181
188.651
189.141
189.621
190.101
190.581
191.061
191.541
192.021
192.501
192.981
193.461
193.941
194.421
194.901
195.381
195.861
196.341
196.821
197.301
197.781
198.261
198.741
199.221
199.701
200.181
200.661
201.141
201.621
202.101
202.581
203.061
203.541
204.021
204.501
204.981
205.461
205.941
206.421
206.901
207.381
207.861
208.341
208.821
209.301
209.781
210.261
210.741
211.221
211.701
212.181
212.661
